0
1
2
3
4
5
6
7
8
9
10
11
12
13
14
15
16
17
18
19
20
21
22
23
24
25
26
27
28
29
30
31
32
33
34
35
36
37
38
39
40
41
42
43
44
45
46
47
48
49
50
51
52
53
54
55
56
57
58
59
60
61
62
63
64
65
66
67
68
69
70
71
72
73
74
75
76
77
78
79
80
81
82
83
84
85
86
87
88
89
90
91
92
93
94
95
96
97
98
99
100
101
102
103
104
105
106
107
108
109
110
111
112
113
114
115
116
117
118
119
120
121
122
123
124
125
126
127
128
129
130
131
132
133
134
135
136
137
138
139
140
141
142
143
144
145
146
147
148
149
150
151
152
153
154
155
156
157
158
159
160
161
162
163
164
165
166
167
168
169
170
171
172
173
174
175
176
177
178
179
180
181
182
183
184
185
186
187
188
189
190
191
192
193
194
195
196
197
198
199
200
201
202
203
204
205
206
207
208
209
210
211
212
213
214
215
216
217
218
219
220
221
222
223
224
225
226
227
228
229
230
231
232
233
234
235
236
237
238
239
240
241
242
243
244
245
246
247
248
249
250
251
252
253
254
255
256
257
258
259
260
261
262
263
264
265
266
267
268
269
270
271
272
273
274
275
276
277
278
279
280
281
282
283
284
285
286
287
288
289
290
291
292
293
294
295
296
297
298
299
300
301
302
303
304
305
306
307
308
309
310
311
312
313
314
315
316
317
318
319
320
321
322
323
324
325
326
327
328
329
330
331
332
333
334
335
336
337
338
339
340
341
342
343
344
345
346
347
348
349
350
351
352
353
354
355
356
357
358
359
360
361
362
363
364
365
366
367
368
369
370
371
372
373
374
375
376
377
378
379
380
381
382
383
384
385
386
387
388
389
390
391
392
393
394
395
396
397
398
399
400
401
402
403
404
405
406
407
408
409
410
411
412
413
414
415
416
417
418
419
420
421
422
0	581	313	181853	0	894
1	579	321	185859	4006	900
2	578	325	187850	1991	903
3	569	334	190046	2196	903
4	561	340	190740	694	901
5	557	335	186595	-4145	892
6	560	326	182560	-4035	886
7	561	328	184008	1448	889
8	568	324	184032	24	892
9	574	321	184254	222	895
10	584	320	186880	2626	904
11	590	324	191160	4280	914
12	600	325	195000	3840	925
13	603	329	198387	3387	932
14	606	333	201798	3411	939
15	606	333	201798	0	939
16	605	333	201465	-333	938
17	597	335	199995	-1470	932
18	594	337	200178	183	931
19	587	336	197232	-2946	923
20	580	337	195460	-1772	917
21	571	335	191285	-4175	906
22	571	324	185004	-6281	895
23	568	319	181192	-3812	887
24	573	308	176484	-4708	881
25	573	312	178776	2292	885
26	583	304	177232	-1544	887
27	580	310	179800	2568	890
28	581	313	181853	2053	894
29	579	321	185859	4006	900
30	578	325	187850	1991	903
31	569	334	190046	2196	903
32	561	340	190740	694	901
33	557	335	186595	-4145	892
34	560	326	182560	-4035	886
35	561	328	184008	1448	889
36	568	324	184032	24	892
37	574	321	184254	222	895
38	584	320	186880	2626	904
39	590	324	191160	4280	914
40	600	325	195000	3840	925
41	603	329	198387	3387	932
42	606	333	201798	3411	939
43	606	333	201798	0	939
44	605	333	201465	-333	938
45	597	335	199995	-1470	932
46	594	337	200178	183	931
47	587	336	197232	-2946	923
48	580	337	195460	-1772	917
49	571	335	191285	-4175	906
50	571	324	185004	-6281	895
51	568	319	181192	-3812	887
52	573	308	176484	-4708	881
53	573	312	178776	2292	885
54	583	304	177232	-1544	887
55	580	310	179800	2568	890
56	581	313	181853	2053	894
57	579	321	185859	4006	900
58	578	325	187850	1991	903
59	569	334	190046	2196	903
60	561	340	190740	694	901
61	557	335	186595	-4145	892
62	560	326	182560	-4035	886
63	561	328	184008	1448	889
64	568	324	184032	24	892
65	574	321	184254	222	895
66	584	320	186880	2626	904
67	590	324	191160	4280	914
68	600	325	195000	3840	925
69	603	329	198387	3387	932
70	606	333	201798	3411	939
71	606	333	201798	0	939
72	605	333	201465	-333	938
73	597	335	199995	-1470	932
74	594	337	200178	183	931
75	587	336	197232	-2946	923
76	580	337	195460	-1772	917
16
