12706465 31777547 16176786 936
12705465 31777547 16175786 936
12704465 31777547 16174786 936
12703465 31777547 16173786 936
12702465 31777547 16172786 936
12701465 31777547 16171786 936
12700465 31777547 16170786 936
12699465 31777547 16169786 936
12698465 31777547 16168786 936
12697465 31777547 16167786 936
12696465 31777547 16166786 936
12695465 31777547 16165786 936
12694465 31777547 16164786 936
12693465 31777547 16163786 936
12692465 31777547 16162786 936
12691465 31777547 16161786 936
12690465 31777547 16160786 936
12689465 31777547 16159786 936
12688465 31777547 16158786 936
12687465 31777547 16157786 936
12686465 31777547 16156786 936
12685465 31777547 16155786 936
12684465 31777547 16154786 936
12683465 31777547 16153786 936
12682465 31777547 16152786 936
12681465 31777547 16151786 936
12680465 31777547 16150786 936
12679465 31777547 16149786 936
12678465 31777547 16148786 936
12677465 31777547 16147786 936
12676465 31777547 16146786 936
12675465 31777547 16145786 936
12674465 31777547 16144786 936
12673465 31777547 16143786 936
12672465 31777547 16142786 936
12671465 31777547 16141786 936
12670465 31777547 16140786 936
12669465 31777547 16139786 936
12668465 31777547 16138786 936
12667465 31777547 16137786 936
12666465 31777547 16136786 936
12665465 31777547 16135786 936
12664465 31777547 16134786 936
12663465 31777547 16133786 936
12662465 31777547 16132786 936
12661465 31777547 16131786 936
12660465 31777547 16130786 936
12659465 31777547 16129786 936
12658465 31777547 16128786 936
12657465 31777547 16127786 936
12656465 31777547 16126786 936
12655465 31777547 16125786 936
12654465 31777547 16124786 936
12653465 31777547 16123786 936
12652465 31777547 16122786 936
12651465 31777547 16121786 936
12650465 31777547 16120786 936
12649465 31777547 16119786 936
12648465 31777547 16118786 936
12647465 31777547 16117786 936
12646465 31777547 16116786 936
12645465 31777547 16115786 936
12644465 31777547 16114786 936
12643465 31777547 16113786 936
12642465 31777547 16112786 936
12641465 31777547 16111786 936
12640465 31777547 16110786 936
12639465 31777547 16109786 936
12638465 31777547 16108786 936
12637465 31777547 16107786 936
12636465 31777547 16106786 936
12635465 31777547 16105786 936
12634465 31777547 16104786 936
12633465 31777547 16103786 936
12632465 31777547 16102786 936
12631465 31777547 16101786 936
12630465 31777547 16100786 936
12629465 31777547 16099786 936
12628465 31777547 16098786 936
12627465 31777547 16097786 936
12626465 31777547 16096786 936
12625465 31777547 16095786 936
12624465 31777547 16094786 936
12623465 31777547 16093786 936
12622465 31777547 16092786 936
12621465 31777547 16091786 936
12620465 31777547 16090786 936
12619465 31777547 16089786 936
12618465 31777547 16088786 936
12617465 31777547 16087786 936
12616465 31777547 16086786 936
12615465 31777547 16085786 936
12614465 31777547 16084786 936
12613465 31777547 16083786 936
12612465 31777547 16082786 380
