[251, 58],
[221, 66],
[159, 69],
[133, 75],
[148, 82],
[72, 93],
[111, 95],
[286, 103],
[304, 104],
[83, 106],
[78, 106],
[133, 115],
[138, 115],
[203, 116],
[234, 117],
[176, 122],
[228, 124],
[41, 129],
[317, 144],
[248, 152],
[127, 155],
[242, 184],
[54, 185],
[168, 189],
[115, 194],
[148, 194],
[98, 196],
[197, 197],
[339, 202],
[227, 215],
[170, 230],
[131, 238],
[81, 244],
[65, 245],
[273, 257],
[121, 258],
[235, 262],
[350, 272],
[97, 272],
[113, 273],
[270, 275],
[190, 288],
[209, 295],
[238, 298],
[355, 304],
[298, 312],
[154, 323],
[302, 341],
[131, 351],
[350, 353]]
